,Neurons,Astrocytes,Oligodendrocytes
hB_RNA_12588,0.458919308046916,0.298914960893116,0.242165731059967
hB_RNA_12651,0.618397488675272,0.237761261927599,0.14384124939713
hB_RNA_12680,0.463473370022986,0.422792978091234,0.11373365188578
hB_RNA_13330,0.41431950280673,0.336817557097712,0.248862940095558
hB_RNA_13430,0.510516664168097,0.282715298128226,0.206768037703677
hB_RNA_13441,0.236732951733963,0.464869554324113,0.298397493941924
hB_RNA_13477,0,0.595025208942076,0.404974791057924
BM_10_546,0.552212885549624,0.191542244913326,0.25624486953705
BM_10_548,0.544918065829577,0.23657743698391,0.218504497186513
BM_10_549,0.412684940456707,0.203552996340211,0.383762063203082
BM_10_551,0.55982131556007,0.223449517981092,0.216729166458838
BM_10_553,0.612921875935967,0.220552525826073,0.16652559823796
BM_10_555,0.475011941317252,0.180102656003468,0.34488540267928
BM_10_558,0.348219948317946,0.264741066676814,0.38703898500524
BM_10_561,0.304096377724736,0.391251582326822,0.304652039948442
BM_10_562,0.448307710507294,0.274033515238966,0.27765877425374
BM_10_566,0.489577602014803,0.184854472530022,0.325567925455175
BM_10_569,0.432671362967577,0.213173138029512,0.354155499002912
BM_10_571,0.36857472541234,0.284605732615763,0.346819541971897
BM_10_572,0,0.39454331174639,0.60545668825361
BM_10_573,0.547597691657027,0.215952132874373,0.2364501754686
BM_10_576,0.676575454989116,0.204589323135642,0.118835221875242
BM_10_579,0.288536688134767,0.366849844396599,0.344613467468635
BM_10_581,0.399863599640219,0.184429147503704,0.415707252856077
BM_10_582,0.706396053736436,0.203790292126856,0.089813654136709
BM_10_584,0.533601988999364,0.184163582643965,0.28223442835667
BM_10_588,0.709691259447739,0.194240964100854,0.096067776451407
BM_10_589,0.532400638197474,0.252878528787071,0.214720833015455
BM_10_590,0.477941054820178,0.190948163476359,0.331110781703464
BM_10_591,0.650775770812597,0.19734537318895,0.151878855998453
BM_10_593,0.699359030022291,0.176292758620708,0.124348211357
BM_10_596,0.570440848005127,0.167005276668828,0.262553875326045
BM_10_597,0.692860167818889,0.179244145815505,0.127895686365605
BM_10_600,0.479970928734533,0.165690604100852,0.354338467164615
BM_10_602,0.539251235882538,0.17692508079651,0.283823683320952
BM_10_603,0.576315678691432,0.187890644100053,0.235793677208516
BM_10_604,0.640285590858226,0.215397195217519,0.144317213924254
BM_10_605,0.52298875714981,0.318433799522726,0.158577443327464
BM_10_607,0.428773942679921,0.308014333637288,0.263211723682791
BM_10_608,0.522543302493911,0.289469397036681,0.187987300469408
BM_10_609,0.61544522946501,0.219400789907463,0.165153980627527
BM_10_610,0.536986924427223,0.185988115376582,0.277024960196195
BM_10_611,0.629776178285626,0.181853719179923,0.188370102534452
BM_10_615,0.633265801244256,0.173917185521537,0.192817013234207
BM_10_616,0.641243530243509,0.188170847535906,0.170585622220585
BM_10_617,0.648311839202218,0.185328268212086,0.166359892585696
BM_10_619,0.467699394500666,0.202105457109396,0.330195148389938
BM_10_621,0.583833506572522,0.192998667500694,0.223167825926784
BM_10_623,0.670079034416139,0.170361158051792,0.159559807532069
BM_10_624,0.572291119409434,0.176821960271301,0.250886920319265
BM_10_627,0.52358966904519,0.305413445249758,0.170996885705052
BM_10_629,0.53284691713831,0.159951887509508,0.307201195352182
BM_10_630,0.65185165096239,0.185777331544913,0.162371017492697
BM_10_631,0.525731439995434,0.182330858512689,0.291937701491877
BM_10_635,0.700631242664202,0.172206867827755,0.127161889508044
BM_10_638,0.516339175905058,0.237888920473834,0.245771903621109
BM_10_639,0.629736973707899,0.181027955308743,0.189235070983358
BM_10_643,0.675443446482945,0.170657785231156,0.153898768285899
BM_10_644,0.615948652121241,0.208541320620206,0.175510027258553
BM_10_645,0.638840646078194,0.223555382218493,0.137603971703313
BM_10_647,0.271460356388116,0.527466496895268,0.201073146716615
BM_10_648,0.639133521686505,0.214554487170147,0.146311991143348
BM_10_649,0.181521723009247,0.617245981929441,0.201232295061312
BM_10_650,0.527828331790708,0.290227309238475,0.181944358970818
BM_10_651,0.375714886913919,0.247836134886536,0.376448978199545
BM_10_652,0.472730679908723,0.296531965223876,0.230737354867402
BM_10_654,0.687513140780652,0.19188979116791,0.120597068051438
BM_10_656,0.675544508983114,0.1996988738735,0.124756617143386
BM_10_657,0.693361377241636,0.168304196446183,0.138334426312181
BM_10_658,0.483541791051576,0.345298754714756,0.171159454233668
BM_10_660,0.601950384859258,0.176680697162227,0.221368917978515
BM_10_661,0.576617689195754,0.208571959409671,0.214810351394575
BM_10_662,0.450190879848965,0.300062606326576,0.249746513824459
BM_10_663,0.535476016700882,0.298671079687459,0.165852903611659
BM_10_664,0.645793147583987,0.186346620497363,0.16786023191865
BM_10_666,0.628411882446147,0.196012514384923,0.17557560316893
BM_10_667,0.252590251266323,0.417070821403439,0.330338927330239
BM_10_668,0.477014335322532,0.28834460364469,0.234641061032777
BM_10_670,0.521835074085056,0.330366208871317,0.147798717043628
BM_10_671,0.653574340261033,0.217996350106299,0.128429309632667
BM_10_672,0.555469589098165,0.266703947082662,0.177826463819173
BM_10_674,0.005129292867784,0.81099044890117,0.183880258231047
BM_10_675,0.58172862718005,0.207999053684321,0.210272319135629
BM_10_676,0.628470527605073,0.307563236384415,0.063966236010512
BM_10_677,0.038143362077399,0.68316099294216,0.266354469953804
BM_10_678,0.424329581992761,0.288255756284373,0.287414661722866
BM_10_679,0.637948380356155,0.190652247651627,0.171399371992218
BM_10_680,0.57402302527074,0.209638696104539,0.216338278624721
BM_10_681,0.598762186080996,0.192041450925371,0.209196362993633
BM_10_682,0.657735813983309,0.192292650151542,0.149971535865149
BM_10_684,0.508048371656782,0.31664766671276,0.175303961630458
BM_10_685,0.475889835924401,0.278160872020904,0.245949292054696
BM_10_686,0.631118770449271,0.19135826379043,0.177522965760298
BM_10_687,0.691720970564303,0.215990724684924,0.092288304750773
BM_10_689,0.552599470231311,0.21108943035848,0.236311099410209
BM_10_690,0.597834401559164,0.244237939504339,0.157927658936497
BM_10_691,0.447215737256818,0.31892423765765,0.233860025085533
BM_10_692,0.656301513740407,0.188576497036352,0.155121989223242
BM_10_693,0.660543322979437,0.207037054216309,0.132419622804253
BM_10_695,0.591297877334963,0.153930380757841,0.254771741907196
BM_10_697,0.536933645039559,0.240947968851375,0.222118386109065
BM_10_698,0.420034902265937,0.372189707223797,0.207775390510266
BM_10_699,0.658411503181019,0.229188551427182,0.112399945391799
BM_10_700,0.372765419738866,0.488921545532861,0.138313034728274
BM_10_701,0.645169732717148,0.19944745921456,0.155382808068292
BM_10_702,0.505482724239621,0.238894150294859,0.25562312546552
BM_10_703,0.692837376505403,0.149375716321679,0.157786907172918
BM_10_705,0.651777161803016,0.208152850146425,0.14006998805056
BM_10_706,0.507388398582516,0.24682725867794,0.245784342739544
BM_10_707,0.63467522809083,0.138302310982729,0.227022460926441
BM_10_708,0.647200263041974,0.239831074468807,0.112968662489219
BM_10_709,0.576455254142942,0.312479370932262,0.111065374924796
BM_10_710,0.666126105197763,0.191744123884454,0.142129770917783
BM_10_711,0.428088166618597,0.201119960662572,0.370791872718832
BM_10_712,0.581280057533352,0.141845380957863,0.276874561508785
BM_10_713,0.41275540738543,0.307887005433551,0.279357587181019
BM_10_714,0.519594279606202,0.230755479821625,0.249650240572173
BM_10_715,0.642711775077237,0.199584654058774,0.15770357086399
BM_10_716,0.394723478325297,0.21252503597871,0.392751485695993
BM_10_717,0.627864871468978,0.276073052840324,0.096062075690698
BM_10_718,0.610552747710568,0.192488178677558,0.196959073611874
BM_10_719,0.523389578252879,0.339560710675231,0.137049711071891
BM_10_720,0.600837398007083,0.287071087897849,0.112091514095068
BM_10_722,0.486709767802737,0.250986002329717,0.262304229867546
BM_10_724,0.665049764326967,0.184372016695022,0.150578218978011
BM_10_725,0.581683330760739,0.214583604850266,0.203733064388995
BM_10_727,0.368369074765937,0.25539065152511,0.376240273708952
BM_10_728,0.571317352080199,0.167351460092922,0.26133118782688
BM_10_729,0.603948817949524,0.154674709608806,0.24137647244167
BM_10_730,0.552987860919449,0.306393519464974,0.140618619615577
BM_10_731,0.695606267415997,0.181814692054159,0.122579040529845
BM_10_732,0.605473433428606,0.242077382206744,0.15244918436465
BM_10_735,0.567857774858781,0.20562340572738,0.22651881941384
BM_10_736,0.530821037238068,0.183332430176971,0.285846532584962
BM_10_737,0.573656439283615,0.232780751128939,0.193562809587446
BM_10_738,0.507581477591847,0.188970684325141,0.303447838083012
BM_10_739,0.628365712148488,0.164920372767078,0.206713915084434
BM_10_740,0.593925462929079,0.175902776134188,0.230171760936733
BM_10_741,0.656527436349469,0.211401561990473,0.132071001660058
BM_10_743,0.434653145242487,0.294438755256287,0.270908099501226
BM_10_744,0.595714899087,0.231574470122057,0.172710630790943
BM_10_746,0.659236410903514,0.24025586449553,0.100507724600956
BM_10_747,0.467141380272925,0.207341114531468,0.325517505195607
BM_10_748,0.597910560456395,0.216963506161579,0.185125933382026
BM_10_749,0.59615473749995,0.220496835284325,0.183348427215725
BM_10_750,0.59314089624852,0.235962896734767,0.170896207016713
BM_10_751,0.477732361469843,0.343353976009919,0.178913662520238
BM_10_752,0.163002984234601,0.537265925897288,0.299731089868111
BM_10_753,0.601485157596833,0.19008614561568,0.208428696787487
BM_10_754,0.359610442720961,0.348293217394156,0.292096339884884
BM_10_755,0.514691490588514,0.259617290372262,0.225691219039224
BM_10_756,0.222194707443604,0.297773580686559,0.435475115042009
BM_10_758,0.098691229132929,0.594207311169796,0.307101459697276
BM_10_759,0.57668674067077,0.210487409449706,0.212825849879523
BM_10_760,0,0.586543393582757,0.413456606417243
BM_10_764,0.374425280702308,0.27752025406874,0.348054465228952
BM_10_765,0.610570294587717,0.280020967165268,0.109408738247016
BM_10_766,0.565234179413315,0.201383661195021,0.233382159391665
BM_10_767,0.492017084892398,0.294737819304187,0.213245095803415
BM_10_768,0.626964172025783,0.208134200684831,0.164901627289385
BM_10_771,0.2640774430445,0.496004181928672,0.239918375026827
BM_10_772,0.575336331892295,0.29862848304196,0.126035185065745
BM_10_773,0.54716310570673,0.264158735549406,0.188678158743863
BM_10_776,0.690231209820173,0.169410440366519,0.140358349813308
BM_10_778,0.54473776026269,0.211465335095639,0.243796904641671
BM_10_780,0.55134383103976,0.269572884382071,0.179083284578168
BM_10_781,0.314144345735734,0.462883861801268,0.222971792462998
BM_10_782,0.563812667719584,0.222583903439122,0.213603428841294
BM_10_786,0.54929033967318,0.251131940314036,0.199577720012784
BM_10_787,0.403517670207107,0.197211314963905,0.399271014828988
BM_10_788,0.473226565053466,0.216208041693767,0.310565393252766
BM_10_789,0.129536435740787,0.665374643964091,0.205088920295122
BM_10_790,0.578488363346806,0.20823714492011,0.213274491733085
BM_10_791,0.662886848331885,0.180079085268543,0.157034066399571
BM_10_792,0.637696650382742,0.193516869525652,0.168786480091606
BM_10_793,0.678526496886828,0.19364224840973,0.127831254703442
BM_10_796,0.401387273669528,0.378529029520736,0.220083696809736
BM_10_797,0.684543655304436,0.169842221071776,0.145614123623788
BM_10_798,0.311987772132599,0.392178532412014,0.295833695455387
BM_10_799,0.24218743894082,0.51508150252427,0.24273105853491
BM_10_800,0.667198311257568,0.19652723175169,0.136274456990743
BM_10_803,0.628443539814908,0.256753102775049,0.114803357410043
BM_10_805,0.343172252613577,0.453573162699181,0.203254584687242
BM_10_806,0.181640571133978,0.449873219169868,0.368486209696154
BM_10_807,0.481327362745147,0.398656884318887,0.120015752935966
BM_10_808,0.677434689244785,0.23272821627595,0.089837094479265
BM_10_809,0.650543865584189,0.171385160277357,0.178070974138454
BM_10_810,0.64562626633257,0.228406311642858,0.108996783122782
BM_10_811,0.512536755086594,0.293120906175416,0.19434233873799
BM_10_812,0.72262040725575,0.211260191500747,0.066119401243503
BM_10_813,0.63807044537356,0.199914754894181,0.162014799732259
hB_RNA_12433,0.479081111412874,0.212399893571398,0.308518995015728
hB_RNA_12434,0.340278569218688,0.436286005011775,0.223435425769537
hB_RNA_12444,0.003721892210837,0.70893437722931,0.287343730559853
hB_RNA_12474,0.593699200165717,0.269435007778317,0.136865792055966
hB_RNA_12494,0.64546067725848,0.223298519606336,0.131240803135184
hB_RNA_12504,0.403317030366066,0.313462187734794,0.28322078189914
hB_RNA_12536,0.615232432309276,0.215054962982932,0.169712604707791
hB_RNA_12545,0.538758909530461,0.284994871811508,0.176246218658032
hB_RNA_12582,0.57484281289765,0.2545027410948,0.17065444600755
hB_RNA_12638,0.612129501488632,0.220280548683965,0.167589949827403
hB_RNA_12662,0.512261048531885,0.318041747164686,0.154422273201456
hB_RNA_12664,0.579629863695107,0.211651795808497,0.208718340496396
hB_RNA_12693,0.450269437973049,0.328313703124742,0.167050673939607
hB_RNA_12720,0.661390774351753,0.207521537704014,0.120263525310361
hB_RNA_12724,0.635479728632676,0.242910022488587,0.121610248878737
hB_RNA_12774,0.582046606362361,0.238401960536349,0.17955143310129
hB_RNA_12794,0.564351196896898,0.216930449478915,0.218718353624186
hB_RNA_12804,0.573934952947576,0.261796074326391,0.157268551596192
hB_RNA_12852,0.296153355094197,0.359851669490282,0.343994975415521
hB_RNA_12865,0.572070518150473,0.228274408857955,0.199655072991572
hB_RNA_12901,0.712796423767058,0.233181810081601,0.054021766151341
hB_RNA_12917,0.557243419884375,0.28702792036575,0.155728659749875
hB_RNA_12924,0.548774747139213,0.400969490449665,0.050255762411122
hB_RNA_12934,0.594989934160926,0.321904828563298,0.083105237275776
hB_RNA_12944,0.529344869879397,0.343655417376542,0.12699971274406
hB_RNA_12954,0.437766109518741,0.391035890124694,0.171198000356566
hB_RNA_12986,0.709928982707714,0.225288953704198,0.064782063588088
hB_RNA_12994,0.343310915223525,0.483270260943584,0.173418823832891
hB_RNA_13007,0.256235358528203,0.557071265580128,0.186693375891669
hB_RNA_13018,0.543046843129292,0.247910037265474,0.209043119605234
hB_RNA_13039,0.497477890790505,0.309883560773106,0.192638548436389
hB_RNA_13068,0.536424784563711,0.32986265849683,0.133712556939459
hB_RNA_13086,0.489236491514167,0.365367859066292,0.145395649419541
hB_RNA_13102,0.632918065521788,0.203186794535051,0.163895139943162
hB_RNA_13132,0.322575066230654,0.404455352390213,0.272969581379133
hB_RNA_13158,0.555311140228168,0.285581719639801,0.159107140132031
hB_RNA_13174,0.258984907785535,0.266120448529065,0.4748946436854
hB_RNA_13193,0.731993204976033,0.212835213246369,0.055171581777598
hB_RNA_13201,0.284700751707492,0.50552320252889,0.209776045763619
hB_RNA_13210,0.46304242599185,0.291296532865877,0.245661041142273
hB_RNA_13262,0.582710475518398,0.258420358928502,0.1588691655531
hB_RNA_13309,0.715489200423287,0.182419975287849,0.102090824288864
hB_RNA_13351,0.374005240494442,0.428658503837451,0.197336255668108
hB_RNA_13418,0,0.487114778886402,0.3589300356507
hB_RNA_13444,0,0.654705697636688,0.279501074409023
hB_RNA_13458,0.553532251732205,0.337675560755893,0.108792187511901
hB_RNA_13465,0.517854480149281,0.235062824181272,0.247082695669446
hB_RNA_13491,0.200440181819859,0.483427444727749,0.316132373452392
hB_RNA_13512,0.365550917989628,0.298606642631932,0.335842439378439
hB_RNA_13525,0.272811484113971,0.413373056664078,0.31381545922195
hB_RNA_13542,0.373139170090488,0.407393675795407,0.219467154114105
hB_RNA_13557,0.588282907032788,0.19765076824112,0.214066324726092
hB_RNA_13571,0.402769543204506,0.379710446523002,0.217520010272492
hB_RNA_13574,0.690227548578944,0.233493356799198,0.076279094621859
hB_RNA_13599,0.4419390376107,0.388572640907214,0.169488321482086
hB_RNA_13640,0.27759160155456,0.440608400671855,0.281799997773585
hB_RNA_13655,0.181933745682944,0.570153096718217,0.247913157598839
hB_RNA_13665,0.539810602662252,0.249783007140493,0.210406390197255
hB_RNA_13677,0.495353506372757,0.246273097683448,0.258373395943795
hB_RNA_13684,0,0.537200245946604,0.462799754053396
hB_RNA_13216_resequenced,0.341995291928616,0.454185658593666,0.203819049477718
hB_RNA_13373_L43C014,0.301106754589588,0.476548496708581,0.222344748701831
hB_RNA_13375_L43C014,0.28343537767895,0.582334096829384,0.134230525491666
