,Neurons,Astrocytes,Oligodendrocytes
BM_22_213,0.550181469629623,0.174253547220683,0.275564983149693
BM_22_222,0.47195802121042,0.145720620791053,0.382321357998527
BM_22_229,0.589512067447376,0.185118971758773,0.225368960793851
BM_22_230,0.555905647771383,0.230825198098066,0.213269154130551
BM_22_231,0.570382394256397,0.200284691984058,0.229332913759545
BM_22_234,0.313869077115186,0.196235911923642,0.489895010961173
BM_22_238,0.161672876073389,0.383685012067887,0.454642111858724
BM_22_100,0.524466943027545,0.135323399525088,0.340209657447367
BM_22_101,0.515949303324946,0.256903858463848,0.227146838211206
BM_22_102,0.570844498763209,0.184157966369255,0.244997534867537
BM_22_105,0,0.495650750766254,0.504349249233746
BM_22_106,0,0.518799023924467,0.481200976075533
BM_22_108,0,0.634183312844768,0.365816687155232
BM_22_110,0,0.418398007497793,0.550148538220009
BM_22_111,0.628779172721413,0.189328437727736,0.181892389550851
BM_22_1111,0.531547627446451,0.300756200640464,0.167696171913086
BM_22_112,0.610997022936883,0.169942343235486,0.219060633827631
BM_22_113,0.315058394059627,0.480891134495885,0.204050471444487
BM_22_114,0.623951117080227,0.180629946546897,0.195418936372876
BM_22_115,0.460035068153548,0.203830160904659,0.336134770941794
BM_22_116,0.585815741417458,0.21738781158846,0.196796446994083
BM_22_117,0.486799367357263,0.193684366607475,0.319516266035262
BM_22_119,0,0.321547828875092,0.678452171124908
BM_22_120,0.497830452967932,0.257497826184968,0.244671720847101
BM_22_123,0.491645080949384,0.189811701325076,0.31854321772554
BM_22_124,0.491902525556174,0.142728872172318,0.365368602271508
BM_22_126,0,0.347867021853335,0.466354609143975
BM_22_130,0,0.385107132072972,0.614892867927028
BM_22_132,0,0.447226163165801,0.552773836834199
BM_22_133,0.297374792538466,0.217269502004027,0.485355705457507
BM_22_134,0.462401308493549,0.266070618819804,0.271528072686646
BM_22_135,0.397365526925181,0.244802602293372,0.357831870781447
BM_22_136,0.629576819882415,0.226809510647352,0.143613669470233
BM_22_137,0.597514884444591,0.185832490639318,0.216652624916091
BM_22_138,0.58177605516061,0.252278796808229,0.16594514803116
BM_22_139,0.475912743756196,0.370021122084897,0.154066134158907
BM_22_14,0.672904020477966,0.160587539464124,0.166508440057911
BM_22_143,0.706471552427322,0.155262367856041,0.138266079716637
BM_22_144,0.432283444680615,0.22190620360503,0.345810351714355
BM_22_146,0.462985767147558,0.272517993208985,0.264496239643457
BM_22_147,0,0.801525008026773,0.198474991973227
BM_22_148,0.42263970445851,0.385858371818893,0.191501923722597
BM_22_15,0.502803272735242,0.203014062984626,0.294182664280131
BM_22_151,0.535119893423717,0.221853837289022,0.243026269287261
BM_22_152,0.332901699804811,0.146990707685764,0.520107592509424
BM_22_154,0.583683467109958,0.180692062767397,0.235624470122645
BM_22_156,0.429413452290953,0.252687570428744,0.317898977280303
BM_22_157,0.465866884389622,0.270852292995624,0.263280822614753
BM_22_158,0,0.442943152496535,0.557056847503465
BM_22_159,0.548902649934318,0.200274711847571,0.250822638218111
BM_22_160,0.46691026672433,0.213669035252346,0.319420698023324
BM_22_161,0.506142610711221,0.274121596697736,0.219735792591043
BM_22_162,0.419336854905811,0.230537592152829,0.350125552941359
BM_22_163,0.407378178604382,0.196069558212635,0.396552263182983
BM_22_165,0.549124137969955,0.269271836419498,0.181604025610547
BM_22_166,0.553129925058843,0.190215641447501,0.256654433493657
BM_22_167,0.000163488945186,0.45886846517155,0.540968045883265
BM_22_170,0.62720471280841,0.179906319129061,0.192888968062529
BM_22_171,0.486599270606997,0.309338723699841,0.204062005693162
BM_22_172,0.02340620930568,0.603545945104322,0.373047845589998
BM_22_173,0.555896913167135,0.155727771804492,0.288375315028373
BM_22_174,0.523472444445692,0.211716533963619,0.264811021590689
BM_22_175,0.422638313500445,0.237689144383961,0.339672542115594
BM_22_177,0.54935763656583,0.16658331238097,0.2840590510532
BM_22_178,0.70546296923325,0.197664231512086,0.096872799254664
BM_22_18,0.54292576996367,0.202392856162094,0.254681373874236
BM_22_181,0,0.628265077997837,0.371734922002163
BM_22_183,0.520623314122113,0.223298121901432,0.256078563976454
BM_22_186,0.563543485707177,0.270007888409497,0.166448625883326
BM_22_187,0.645861277681915,0.218712128522884,0.135426593795202
BM_22_189,0.502760982941411,0.2520653886977,0.245173628360889
BM_22_195,0.580447785031191,0.172443331283892,0.247108883684917
BM_22_196,0.656232236844722,0.138982237920278,0.204785525235
BM_22_198,0.565114429021707,0.183823652167491,0.251061918810802
BM_22_199,0.560819900572037,0.212139188351851,0.227040911076111
BM_22_2,0.524279721877344,0.185015801372614,0.290704476750042
BM_22_203,0.462011538216831,0.155176463578243,0.382811998204926
BM_22_22,0.570651983853052,0.15240181265546,0.276946203491488
BM_22_243,0.515153387566357,0.228816632239469,0.256029980194175
BM_22_25,0.465029541480136,0.21649549430285,0.318474964217014
BM_22_255,0.047304024630473,0.550054428802715,0.402641546566813
BM_22_258,0.432668043242125,0.251975441286963,0.315356515470913
BM_22_262,0.396553755258235,0.251012403543852,0.352433841197913
BM_22_263,0.485516756016512,0.257617825255201,0.256865418728287
BM_22_267,0.600083820230919,0.17411056913783,0.225805610631252
BM_22_268,0.504432602306721,0.209056424222627,0.286510973470652
BM_22_269,0.528043130343055,0.278742493317168,0.193214376339777
BM_22_270,0.362078746405857,0.195742900065782,0.442178353528362
BM_22_272,0.670264029615089,0.177591649715716,0.152144320669195
BM_22_275,0.359374323663571,0.260103679249313,0.380521997087116
BM_22_31,0.560952991846249,0.337322534002646,0.101724474151105
BM_22_32,0.212937233322468,0.424087746306886,0.362975020370646
BM_22_36,0.154802745067383,0.374055855552098,0.471141399380519
BM_22_37,0.496188172480016,0.302816327694623,0.200995499825361
BM_22_38,0.211129771208805,0.462539224454574,0.326331004336621
BM_22_40,0.526206153595053,0.171586014530963,0.302207831873984
BM_22_41,0.255788847567988,0.264771984833042,0.47943916759897
BM_22_47,0.42896826548758,0.216317357407442,0.354714377104978
BM_22_49,0.509044645169635,0.176831354217326,0.314124000613038
BM_22_53,0.280890038628637,0.442354096790667,0.276755864580696
BM_22_6,0.499530542289835,0.188156159889753,0.312313297820412
BM_22_61,0.658042219143039,0.222394650099627,0.119563130757334
BM_22_62,0.380666291176192,0.288563349256839,0.330770359566969
BM_22_63,0.123145742769835,0.510224663394088,0.366629593836077
BM_22_65,0.712490208412141,0.099536744432191,0.187973047155669
BM_22_66,0.503842361392695,0.254411079690011,0.241746558917294
BM_22_67,0.725955597836208,0.138492348116169,0.135552054047623
BM_22_69,0.531686919102991,0.260832052328719,0.20748102856829
BM_22_72,0.608220198440673,0.171477242298894,0.220302559260434
BM_22_74,0.696471999651853,0.16842332335855,0.135104676989597
BM_22_75,0.529991349509171,0.257109761569539,0.21289888892129
BM_22_76,0.625501451672426,0.182509676380667,0.191988871946906
BM_22_80,0.556171873919651,0.199006671693903,0.244821454386446
BM_22_83,0.453168126197621,0.340243105176016,0.206588768626363
BM_22_84,0,0.43155047549937,0.56844952450063
BM_22_85,0.324917350104592,0.298399219440412,0.376683430454996
BM_22_86,0.633518945160058,0.159178532620105,0.207302522219837
BM_22_88,0.498015535583023,0.176902953180558,0.325081511236419
BM_22_89,0.581266578334069,0.198356953204704,0.220376468461226
BM_22_90,0.387678397239991,0.462130841947597,0.150190760812412
BM_22_91,0.515833652072054,0.227986866945778,0.256179480982168
BM_22_92,0,0.377934332060167,0.622065667939833
BM_22_94,0.255503660856643,0.477780343579805,0.266715995563552
BM_22_95,0.441661202030721,0.239172026216082,0.319166771753196
BM_22_96,0.402289696790855,0.27688381404411,0.294588522312852
hB_RNA_10242,0.245183434157154,0.329907624443983,0.424908941398863
hB_RNA_10262,0.511717796500956,0.211913891307926,0.276368312191118
hB_RNA_10272,0.666920084704477,0.157289130299229,0.175790784996294
hB_RNA_10282,0.237089129403951,0.34773714721451,0.415173723381539
hB_RNA_10292,0.577479861426236,0.203598850519876,0.218921288053888
hB_RNA_10302,0,0.531142528782995,0.466835147149181
hB_RNA_10332,0.409791698145782,0.277692809728895,0.312515492125323
hB_RNA_12201,0.266693049938126,0.292148084886422,0.441158865175453
hB_RNA_7665,0.151697337089087,0.316390800474256,0.531911862436657
hB_RNA_7675,0.488115711744527,0.272105192438461,0.239779095817012
hB_RNA_7685,0.605528192555763,0.196868669489216,0.197603137955021
hB_RNA_7695,0,0.522273488367584,0.477726511632416
hB_RNA_7705,0.495291556800227,0.315891397060845,0.188817046138928
hB_RNA_7715,0.495407541430252,0.23483319981312,0.269759258756628
hB_RNA_7725,0.614459559313203,0.225769519262726,0.159770921424071
hB_RNA_7745,0.493475641371112,0.214445661547396,0.292078697081492
hB_RNA_7775,0.519315330051398,0.211464598701037,0.269220071247566
hB_RNA_7795,0.192107900116743,0.406498464203631,0.401393635679626
hB_RNA_7815,0.118559549125815,0.38319343607311,0.498247014801076
hB_RNA_7835,0.581932521726434,0.161138452566967,0.2569290257066
hB_RNA_7845,0.612771763160038,0.164815875963752,0.22241236087621
hB_RNA_7865,0.580309069432559,0.155011340280263,0.264679590287178
hB_RNA_7875,0,0.48360356538539,0.51639643461461
hB_RNA_7885,0.243516850087487,0.319133906108949,0.35188723697887
hB_RNA_7895,0.432559400863616,0.229634961453219,0.334803433189582
hB_RNA_7905,0.184527321113777,0.452091676920788,0.363381001965435
hB_RNA_7925,0.209284021404338,0.333668222216651,0.457047756379011
hB_RNA_7945,0.372054285256683,0.269719319723097,0.35822639502022
hB_RNA_7955,0.210567598503297,0.384760416220791,0.404671985275912
hB_RNA_8015,0.275275086300007,0.40601259550905,0.318712318190942
hB_RNA_8045,0,0.556796510993928,0.443203489006072
hB_RNA_8055,0.075489155480653,0.37983945773172,0.544671386787626
hB_RNA_8075,0,0.330466397388426,0.664283635726874
hB_RNA_8085,0.250176002918438,0.154983170038767,0.594840827042796
hB_RNA_8095,0.08626122150619,0.398672919287937,0.515065859205872
hB_RNA_8115,0.483018071746171,0.234727767595696,0.282254160658132
hB_RNA_8135,0.25869700020697,0.312791887240414,0.428511112552616
hB_RNA_8295,0.333597430718294,0.275009271340549,0.391393297941157
hB_RNA_9125,0.314732381720293,0.371459857893389,0.313807760386318
hB_RNA_9136,0.460415391810978,0.293692903718882,0.24589170447014
hB_RNA_9138,0.379497554109649,0.39008667127235,0.230415774618
hB_RNA_9142,0.645805358306731,0.190159551827732,0.164035089865536
hB_RNA_9143,0.270504682620372,0.215591803605442,0.513903513774187
hB_RNA_9145,0.190055730547631,0.506689468318707,0.303254801133662
hB_RNA_9146,0.592189446551488,0.209919930474917,0.197890622973595
hB_RNA_9148,0.265995607629611,0.351811707442636,0.382192684927753
hB_RNA_9149,0.020945047265348,0.611374147065122,0.36768080566953
hB_RNA_9150,0.286392404952961,0.360627490411901,0.352980104635138
hB_RNA_9152,0.215047884575771,0.493137441149507,0.291814674274722
hB_RNA_9153,0.179560558860038,0.34530017505898,0.475139266080982
hB_RNA_9155,0.601731254708372,0.163413786395289,0.234854958896339
hB_RNA_9156,0.329610069141059,0.399104763914957,0.271285166943984
hB_RNA_9157,0.239944741404493,0.447019398540923,0.313035860054584
hB_RNA_9159,0.179833621444428,0.645971155631924,0.174195222923648
hB_RNA_9160,0.079462960608968,0.401985186678935,0.518551852712097
hB_RNA_9161,0.493582880421121,0.327090861528123,0.179326258050756
hB_RNA_9163,0.080939202255097,0.494140967266827,0.303378893999564
hB_RNA_9164,0.297229626422354,0.457364287539241,0.245406086038405
hB_RNA_9165,0.241475831624833,0.371211843151513,0.387312325223654
hB_RNA_9167,0.050636694221282,0.541681596521647,0.407681709257071
hB_RNA_9169,0.459947608704724,0.335035448110631,0.205016943184645
hB_RNA_9172,0.361984927505653,0.295400477631866,0.342614594862481
hB_RNA_9175,0.36165680813333,0.232356474533783,0.405986717332886
hB_RNA_9177,0.424027758200374,0.249579725720473,0.326392516079153
hB_RNA_9179,0.386762029417079,0.327128840295751,0.28610913028717
hB_RNA_9184,0.18998182080972,0.260951945829197,0.549066233361082
hB_RNA_9186,0.156240488587289,0.514382819168758,0.329376692243954
hB_RNA_9190,0.200047544164662,0.475035607144703,0.324916848690635
hB_RNA_9193,0.671719397124292,0.144384259922263,0.183896342953444
hB_RNA_9195,0.578053959094695,0.179218533806114,0.242727507099191
hB_RNA_9196,0.204435753578184,0.338886702613269,0.456677543808548
hB_RNA_9198,0.170265629917436,0.664153620504356,0.165580749578208
hB_RNA_9203,0.556397076102665,0.216872816355074,0.226730107542262
hB_RNA_9204,0.443900641483395,0.181198406393733,0.374900952122872
hB_RNA_9205,0.326020463670168,0.357312658251489,0.316666878078343
hB_RNA_9206,0.488561861128404,0.249226428622012,0.262211710249584
hB_RNA_9211,0.175109003955632,0.307951555675587,0.516939440368781
hB_RNA_9212,0.387466724973426,0.333343346396929,0.279189928629645
hB_RNA_9214,0.241596094786255,0.368579155135552,0.389824750078193
hB_RNA_9217,0.119216160251669,0.405208945745536,0.475574894002796
hB_RNA_9218,0,0.590700443141182,0.409299556858818
hB_RNA_9219,0.265611807269219,0.502952255415926,0.231435937314854
hB_RNA_9220,0.474245690553712,0.286996640259919,0.238757669186369
hB_RNA_9221,0.170401374819833,0.4679240262875,0.361674598892668
hB_RNA_9154,0.594249277397976,0.236353563134328,0.169397159467696
hB_RNA_10232_resequenced,0.084829922107496,0.285536942842938,0.629633135049566
hB_RNA_10252_resequenced,0.584379580708282,0.176784443217446,0.238835976074272
hB_RNA_12191_resequenced,0.598655329395786,0.233051313468558,0.168293357135656
hB_RNA_12211_resequenced,0.148208461895188,0.456503875797188,0.395287662307625
hB_RNA_7765_resequenced,0.680309950774844,0.124624395375325,0.195065653849831
hB_RNA_9210_resequenced,0.325065988829632,0.353512639821719,0.321421371348649
hB_RNA_8125_resequenced,0,0.456225751967127,0.543774248032873
hB_RNA_8155_resequenced,0.135500238697457,0.449923942047251,0.414575819255292
hB_RNA_8215_resequenced,0.356333114054359,0.232626170500126,0.411040715445515
hB_RNA_9209_resequenced,0.064121199932626,0.652281989562103,0.28359681050527
hB_RNA_8185_L43C014,0.295709854518211,0.398722343783304,0.305567801698485
hB_RNA_8225_L43C014,0.284075077055507,0.326288859540801,0.389636063403692
hB_RNA_9166_L43C014,0.149758492087552,0.423368389734106,0.426873118178342
hB_RNA_9178_L43C014,0.312565598862859,0.247656655681511,0.43977774545563
hB_RNA_9180_L43C014,0.362719021330888,0.318550683832784,0.318730294836327
hB_RNA_9191_L43C014,0.115824082814426,0.385431368397691,0.498744548787883
